-101    437 27
-101    850 55
-112    865 8
-108    850 10
-108    437 9
-104    437 11
-105    850 14
-105    437 13
-105    863 28
-105    850 29
-102    850 16
-102    437 15
-107    850 18
-107    437 17
-1501   437 27
-1501   850 55
-1512   865 8
-1508   850 10
-1508   437 9
-1504   437 11
-1505   850 14
-1505   437 13
-1505   863 28
-1505   850 29
-1502   850 16
-1502   437 15
-1507   850 18
-1507   437 17
22     sjis 19
21     sjis 19
-103    850 20
-103    437 24
-103   1252 89
-111    850 22
-111    437 21
-109    865 23
-1503   850 20
-1503   437 24
-1503  1252 89
-1511   850 22
-1511   437 21
-1509   865 23
-201    852 31
-201    867 32
-202    852 34
-203    852 35
-110    850 37
-110    860 36
-1510   850 37
-1510   860 36
-501    866 38
1       euc 77
31      euc 78
11     big5 79
12     big5 79
13     big5 79
-1      euc 80
-701    737 134
-206    852 31
-207    852 135
-301    857 136
-106    865 8
-204    852 64
0       437 25
0       850 26
0      ansi 87
-205   ansi 87
-100   ansi 88
-1500  ansi 88
999     437 1
999     850 2
999    1252 3
999     852 100
999     866 101
999     865 102
999     861 103
999     737 106
999     857 107
999     863 108
999     950 120
999     949 121
999     936 122
999     932 123
999     874 124
999    1250 200
999    1251 201
999    1254 202
999    1253 203
999    1257 204
